R=8.9
L=0.00035
K=0.0135
J=0.32*10^(-6)
red=19.4
Kp=40
Ki=0
Kd=0
L0=380

